0.31451
-0.33624
0.16516
0.64328
-0.73402
-0.092653
0.14393
606.18
4676.6
8624.7
9326.7
7224.3
7940.3
9166.5
10897
11079
11027
11079
10264
9234
9269.5
9696.4
10146
9413.4
9305.5
9453.5
9558
9809.4
9871.9
9915.3
9742.6
9368.9
9778.1
10228
10202
9567.9
9984.7
9943.5
10005
10967
10796
9968.4
9437.3
9552.8
9840.3
8605.3
8448.6
8779.8
9452.1
9661.9
8962.9
5428.4
610.04
-0.084341
0.47892
-0.61527
0.098785
-0.0056513
-0.16953
-0.3654
-0.41113
0.87332
-0.48986
-0.14358
-0.22045
-0.82348
603.32
2809.6
4656.7
7202.2
8266.8
7941.6
7884.2
9223.7
10926
11385
11101
10504
9817.4
9479.6
8535.6
9905.4
10298
9932.5
9379
9453
9668.1
9990.9
9991.2
9954.1
9860.1
9933.9
9846.7
10253
10333
9686.4
9984.9
10038
10205
11077
10889
10246
9561.3
9973.2
9799
8718
8623.9
9084.6
9122.8
7963.2
6460.6
5455.9
3234.3
607.54
0.75622
-0.027952
0.3587
-0.41124
0.43138
-0.58316
-0.56767
0.37889
-0.28756
-0.095201
-0.063992
471.42
2221.9
2872.3
4198.1
5945.6
7205.2
7083.2
8119
8849.1
10788
11390
11556
9990.5
9547.2
9258.7
9848.6
9893.3
10014
10454
10087
9588.2
9759.5
10054
10191
10138
10051
10116
10024
10218
10671
9994
9867.1
10154
10360
11085
11135
10465
9681.2
10072
9854.5
8817.8
8901.9
9213.2
7390.9
6084
5544.4
5472.8
4014.4
2246.6
475.3
0.54475
-0.098436
0.49418
-0.86079
-1.3755
-0.26938
-0.13742
-0.14725
0.3466
301.33
1642.7
2803.3
2883.2
3790.4
5410.4
7216.8
6147.2
6266
8638.8
10506
11785
11050
9994.1
9343.6
9086.9
9959.4
10136
9742.9
9884.2
10700
10335
9853.1
9901
10115
10140
10093
10174
10307
10244
10660
10417
9904.7
10159
10521
10952
11017
10558
9848.5
10018
9830.9
9094.5
8498.9
7515.3
6272.8
5581.5
5111.6
5493
4342.2
3001.2
1652.7
303.72
-0.18887
0.085782
-0.061305
-0.51668
-0.096224
0.2183
0.72212
105.8
1202
2272.5
2856.8
2711.6
3657.9
5716.9
6588.7
6703.8
5337.5
6817.1
10031
11364
10779
9947.3
9477.4
9611
10393
10223
10368
10170
9984.9
10920
10566
10238
10316
10427
10303
10416
10493
10422
10593
10229
9712.1
10236
10733
11003
10876
10772
10079
10084
9672
8410.4
7464.8
6170.3
5438.2
5174.6
5091
5507
4499.4
3408.3
2308.9
1207.7
107.67
-0.83309
-0.29971
0.10887
-0.41618
-0.38702
0.44355
824.11
1750.3
2653.5
2664.6
2248.4
4347.3
5611.2
6371.4
6284.7
5939.8
5286
8596.1
9582.3
9813.6
10369
9767.1
10019
10247
10261
10547
10845
10953
10231
11026
10599
10445
10535
10614
10762
10756
10776
10968
10327
9892.3
10262
10880
11275
11068
11089
10466
9735.9
8359.9
7508.4
6512.3
5596.6
5227.9
4877.5
5249
5470.4
4580.2
3650.3
2710.6
1769.9
830.9
-0.54712
-0.47843
0.31871
0.17398
-0.23224
477.12
1304
2107.6
2861.1
2135.7
2558.2
4714.1
5405.1
5884.2
6168.6
6100.1
5675.8
6889.6
7999.3
8698
9491.6
10350
10845
10515
10802
10820
10983
11333
11578
10914
11366
11050
10753
10920
10996
11056
11082
11110
10050
10164
10457
11046
11343
11377
11203
9810.5
8459.3
7654.2
7132.2
5806.3
5217.7
4998.3
4867.7
5525.1
5422.1
4621.3
3798.9
2970.8
2140.1
1310.3
480.48
0.29915
0.015286
0.17609
138.3
883.87
1627.7
2347.3
3001.5
1296.3
3410.6
4532.6
5319.5
5995.4
6145
6090.7
6126.4
5718.5
6304.7
7585.3
8528.7
9665.1
10705
10901
10826
11100
11400
11399
11780
11987
11434
11326
11356
11186
11288
11286
11435
11266
9986.7
10403
10751
11427
11420
11215
10407
8968.3
7466.5
7385.8
6364.1
5353.5
5157.6
4864.6
5022.7
5776.7
5368.9
4640.7
3894.6
3143.9
2392.8
1641.1
890.42
139.35
0.25694
-0.19916
479.75
1167.3
1860.5
2516.5
2715.7
1294.5
3702.2
4612
5141.1
5738.9
6028.9
6128
5987
5410.4
5390.6
6519.1
7782.5
9064
10313
10423
11207
11608
11651
11995
11974
12130
12387
12031
11777
11875
11750
11838
11695
11437
10213
10594
10959
11336
10773
10323
9756.5
8022.9
6927.9
7035.3
5828.6
5314
5046.5
4928.5
5326.6
5958.4
5323.1
4649.1
3957
3262.1
2568.3
1873.7
1178.4
482.6
0.55074
73.61
721.85
1365.9
2002
2643.4
2288.2
1814.4
3786.9
4473.3
5202
5676.4
6103.5
6254.6
5599.4
4698.7
5781.1
5746.3
6929.4
8766.3
9635.5
10394
10603
11456
12434
12556
12596
12771
12692
12917
12630
12137
12086
12292
12116
11496
10429
10907
10649
10300
10102
9888.5
9085
7208.4
7006.2
6404.8
5564
5270.2
5095.7
5141.9
5813.7
5933.8
5289.7
4649.5
3998
3344.3
2690
2034.9
1381.3
727.76
73.12
267.55
887.35
1515
2104.3
2569.1
2193.1
2062.3
3837.6
4403.6
5068.1
5586.9
6156.8
6390.8
5063.2
4361.4
5483.6
6230.1
6219.7
7947.8
9188.6
10072
10654
11033
11744
12699
13282
13307
13483
13415
13594
13275
12741
12485
12443
11741
10272
10242
9928.3
9456.7
9542.8
9629.9
8216.6
7152.4
6623.1
6242.1
5520.7
5278.4
5257.6
5487.4
6289
5871
5264.8
4647
4023.7
3398.7
2771.8
2147.2
1521.3
895.75
270.21
394.17
989.92
1603.6
2179.5
2368.7
2439.9
2301.6
3753.3
4475.6
5056.8
5659.5
6217
6333.2
4738.3
4345.7
5049.5
6183.4
6710.9
7335.7
8455
9654.7
10637
10959
11542
12147
13113
13843
14163
14201
14308
14238
14061
13209
12304
11334
9692.1
9709.2
9290.2
8659.7
9104.5
9182
7735.6
7006.3
6453.5
6256.8
5561.4
5448.1
5498.7
6015.6
6426
5833.1
5249.9
4644.7
4038.8
3431.9
2824.7
2217.3
1611.2
1003.7
395.65
460.37
1043.5
1641.7
2216.7
2187.3
2596.9
2586.7
3617
4484.5
5103.8
5633.4
6261.9
6053.2
4831
4366.7
4709
6046.4
6841.1
7734.3
7975
9078.7
10350
11261
11449
12097
12767
13459
14242
15028
15104
15441
14861
13650
12140
10480
9352.5
8869.7
8845.3
8040.9
9178.8
8658.9
7446.3
6691.1
6726.3
6082.2
5770.7
5743.8
5940.5
6767.5
6412.9
5825.9
5238.7
4643.1
4047.7
3450.2
2853.4
2255.4
1658.6
1061.2
463.3
473.86
1052.2
1643.8
2159.2
2061.8
2698.3
2800.8
3454.4
4437
5102.1
5647.9
6388
5748.4
4991.8
4503.2
4565.3
5767.3
6816.1
7857.7
8425.8
8824.6
9879.2
11156
11961
12123
12672
13348
14086
14889
15726
15785
14853
13897
12447
10291
9481.1
8085.3
8150.3
7693.9
8412
8334.6
7022.8
6934.6
6777.6
6071.1
6038.9
6131.4
6641.4
6983.3
6399.2
5829.1
5237.2
4644
4048.9
3454
2857.9
2263.1
1667.3
1072.5
476.6
434.11
1020.3
1614.6
2097.5
2092.1
2815.4
2949.4
3300.1
4393.3
5094.3
5793.5
6406.8
5545.4
5126
4807.7
4746.7
5630.4
6695.5
7847.2
8614.7
9436.6
9796.5
10670
12031
12673
12778
13343
14121
14501
14709
14789
14493
14034
12924
11074
9513
8136.9
7110.2
7643.6
7395.7
7917.8
7336.1
7170.4
6912.6
6447
6452.1
6743.8
7485.4
7018.8
6434.1
5842.9
5246
4645.3
4044.1
3442.1
2841.6
2240.9
1639.3
1038.9
437.02
338.51
939.09
1548.9
2029.1
2094.5
2867.4
3217.6
3459.6
4286.9
5100
5917.9
6319
5643.7
5175.1
5213.7
5022.4
5474.7
6614.5
7787.7
8848.2
9701.7
10543
10878
11712
12926
13309
13396
13473
13650
13797
13561
13466
13357
12782
12029
10681
8303.7
7306.8
6430.9
6085.5
8021.6
7633.9
7607.4
6961.1
6904.7
7049.5
7690.5
7710.3
7083.8
6485.2
5874
5262
4648.1
4032.5
3417.3
2802.3
2186.9
1571.4
956.43
341.11
179.34
807.14
1442.4
1954.8
2089.7
2809.1
3302.8
3540.6
4179.4
5150.3
6039.3
6313.8
5709.5
5368.5
5492.1
5524.4
5716.3
6680.6
7704.3
9143
10067
10916
11689
12074
12706
13184
12890
12777
12886
12770
12498
12492
12372
12371
11929
11368
10260
7818.8
4966.8
5045.6
7599.1
8039.6
7981.5
7420.1
7533.9
7925.8
8416.8
7794.7
7195.6
6560
5923.6
5287.4
4651.4
4012.6
3373.7
2734.4
2097.1
1457.6
819.7
180.95
-0.56939
610.92
1275.3
1862.7
2102.4
2780.9
3381.8
3631.8
4256
5134.5
6125
6370.9
5883.9
5679.7
5642.3
5979.1
6279.6
6691.1
7744.2
9382.3
10469
11464
12372
12409
12118
12051
12642
12443
12246
11860
11498
11751
11649
11752
11353
11166
11384
8739.2
5361.6
4161.8
7170.2
8468.8
8222.3
8178.3
8394
9114.4
8635.4
8004.4
7328.8
6667.4
5995.3
5323.9
4652.6
3980.3
3307.2
2634.2
1961.6
1289.4
616.08
0.075051
-0.58899
323.78
1031.1
1722.9
2049.8
2694.3
3434.8
3829.2
4392.8
5114.1
6171.2
6505.9
6070.1
6056
6168
6294.2
7161.2
7052.6
7949.4
9756.9
11114
11710
11951
11998
11898
11657
11450
12061
11368
10976
11013
11007
10960
10782
10658
11687
10864
8563.5
6338.2
5051.9
5839.3
8764.5
8534.2
9169.3
9843.4
9641
8946.9
8236.7
7520.1
6809.7
6088.9
5368.5
4650.8
3929.8
3209.1
2488.4
1767.7
1046.8
325.94
0.0682
-0.28299
0.39618
694.06
1471.5
1900.1
2572.3
3345.2
3963.5
4601.2
5334.9
6239.8
6772.4
6415.5
6530.6
6648.9
7053.2
7705.7
8166.3
8240.6
10064
11112
11411
11528
11593
11389
11428
11443
10907
10804
10055
10497
10728
10344
10168
10669
10884
10139
8962.5
6087.1
5957.7
6577.5
8285.5
9424.4
10299
10835
10073
9349.7
8547.1
7786.8
6987.8
6211
5424.8
4639.3
3852.6
3065.6
2278.8
1490.5
703.68
-1.207
0.68644
0.00013943
-0.10535
211.85
1077.6
1802.1
2467.8
3308.9
4155.1
4853.1
5418.6
6426
7136.8
6893.3
7035
7367.2
7877.8
8513.5
9161.1
8979.4
9044.4
10388
10966
11016
11278
11125
11058
11012
10360
9534.3
10372
9902.7
9897.1
9826
9977.3
10250
9786.7
9519.4
9205.3
5866.1
6021.8
7053.6
8238.2
11136
11198
11144
10621
9849.3
8999.3
8117.7
7240
6370.2
5490.4
4612.8
3733.7
2853.6
1973.7
1093.6
214.14
-0.26436
0.51136
-0.16555
-0.2551
0.84741
503.98
1496.2
2074.4
3145.6
4029.3
4906.2
5602.4
6845.5
7688.6
7505.3
7912.2
8264
8886.8
9621.3
8907.5
9331.4
8821
9650
10494
10606
10587
10795
10834
10404
9613.2
9585
9698.3
10182
9441.3
9462.7
9822.5
9641.6
9160.6
9339.5
9014.7
6038.9
5881
7311.2
8747.9
11728
12540
11266
11150
10424
9602.3
8573
7590.2
6572.6
5566.1
4555.9
3544.3
2531.6
1520.2
507.75
-0.25752
0.22754
0.44544
-0.10963
0.30103
-0.93746
0.24798
799.11
1782.5
2880.4
4003.8
5077.4
6267.5
7271.4
8506.4
8447.8
8886.9
9619.4
9405.1
9465.4
9406.1
8451.1
8886.8
8910.6
9990.4
10158
10281
10333
10332
9542.6
9272.7
9577
10189
9578.1
9529.6
9247.5
9313.7
8659.1
8843
9151.2
8684.9
6746
5960
8069.6
9888.9
11074
12348
12514
11691
11118
10293
9263.5
8058.6
6849.8
5649.9
4442.6
3233
2023.5
812.72
0.14983
-0.43898
0.16453
-0.0075245
-0.19035
-0.23241
-0.3713
-0.046869
-0.67084
1137
2284.4
3740.6
5250.7
6653
7764.3
9607.2
10094
10169
9722.8
9291.1
9169.4
9269.8
8943.3
8270
8748.5
9328.6
9603.5
9652.2
9798.2
9348.3
9101.2
9207.2
10129
9846.1
9574.4
9159.1
9238.7
8287.3
8341.8
8919.7
9096.1
8214.1
6919.8
6798.2
8838.3
10151
10820
11616
12372
12435
11846
11025
10159
8773.1
7258.1
5740.1
4214.1
2685.9
1158.1
0.42331
1.163
0.19253
-0.1165
-0.38672
-0.14466
0.41604
0.070293
-0.22243
-0.37305
-0.15527
1550.7
3322.7
5476.3
7337.5
9392.4
11455
11383
10301
9551.4
9225.3
8965.4
9185.3
9008.2
8666.7
8520
9440.2
9214.6
9253
8812.2
8614.2
8479.5
9591.9
9989.9
9580.7
9175.3
9321.4
8856.2
8175.8
8349
8389.7
8560.3
7657.1
7275.4
8641.7
9135.6
10134
10494
11332
12156
12345
12358
11647
11173
9967.3
7920.2
5826.5
3717.6
1604.8
0.36273
0.22288
-0.20063
0.1124
-0.6915
0.081444
-0.74732
-0.32266
0.70827
0.37414
-0.48963
-0.49447
-0.14397
2009.6
5482
8890
12091
11884
11282
10543
9861.6
8792.5
8525.9
8885.1
8540.7
8258.2
8618.8
7958.1
8950.8
8231.5
8581
8389.3
8768.6
9983.8
9844.7
9345.2
9421.2
9115.7
8553.5
8442
8307.4
8275.7
8441.4
7443
9097.1
10017
9422.7
9737.5
10230
11190
11644
12184
12272
12237
11476
11800
9337.9
5872.3
2386
-0.34088
0.21523
0.15321
0.15079
-0.051865
0.27969
0.23041
-0.24293
-0.22905
-0.10724
0.040077
-0.3227
0.68641
0.26206
0.73304
5147
12331
12220
12046
12010
10932
9926.9
8884.9
8368.5
8802.6
8720.7
8151.9
9084.3
9121.3
7260.6
7975.4
7754.9
7696.5
9604.3
10020
9215.3
9335
9270.4
8677.6
8666
8984.4
9193.2
8404
7429.7
8812.4
10208
9850.6
9557.1
9398.2
10387
10800
11614
12241
12229
12233
12175
11366
11814
5539.5
-0.12561
0.033043
-0.10716
-0.021742
-0.059903
-0.17338
0.55753
0.21601
0.24223
0.52249
0.34837
-0.13251
0.37922
-0.20983
0.3389
-0.00098693
5513.1
12327
12327
12233
11953
11133
10143
8981.3
8574.3
8746.1
8714.7
7977.9
7309.1
8054
7242.3
6272.6
7022.7
8997.1
9797.9
9163.6
9122.2
9426.5
8865.9
8838.9
9111
9164.9
8864.5
9346.3
7703.1
10349
10338
10020
9417.9
9451
10420
10716
11218
11641
12308
12242
12240
12217
11378
4611.6
0.26943
-0.10318
0.38357
0.39512
0.10653
0.17902
-0.21305
0.13371
-0.11618
-0.45367
-0.58902
-0.037474
0.32081
-0.73572
-0.1463
2373.6
5845.6
9337.7
12376
12272
12157
11254
10312
9113
8535.7
8407.6
8501.2
7561.6
6748.3
6146.9
7374.5
5976.9
7002.6
9432.2
9046.5
8897.5
9413.1
9293.4
8764.9
9159.5
9375.7
9302.7
9295.7
8606
9659.3
9771.7
10105
10004
10355
9618.8
10322
10639
11157
11664
12255
12245
12295
12300
8815.4
4565.2
1725.3
0.050333
0.099775
-0.13763
-0.19761
0.21491
-0.38213
0.1894
-0.0013662
-0.46058
0.08819
0.44055
0.31515
-0.37845
1598.7
3697.2
5810
7929.4
10010
11731
12336
12189
10293
9623.1
8795.1
8330.8
8736.6
7793.8
5050.1
4930.4
6942.1
7428
8192.5
8733.9
8553.6
9137.6
9120.1
8670.4
9016.4
9745.4
9412.2
9772
9480.2
9875.5
10846
10173
9390.9
9845.2
10452
9464.7
10054
10956
11285
11700
12454
12433
11666
9589.8
7472.9
5133.2
2642.4
1093.1
0.24907
-0.028702
-0.12087
0.33535
0.55036
0.41969
-0.066231
0.0088657
0.10817
0.75935
-0.4607
1152.7
2672.7
4198.3
5730.6
7259.2
8765.4
10276
11414
12412
11452
9508.8
9271.6
8551.3
8694.6
7076.5
3951.5
4147.4
6419.7
8434.6
9340.8
8634.7
8291.8
8885.7
8677.5
8887.4
9651.4
9774.2
9736.1
9620.7
10124
11412
11491
10759
10110
9650.4
10216
9617.7
10011
10902
11503
11895
12211
11292
9726.3
8259.7
6774.2
5284
3190.5
1912.8
966.21
-0.22357
-0.32415
-0.030046
-0.25245
-0.5843
0.24037
0.5047
0.058445
-1.0134
809.74
2015.9
3220.2
4431.3
5643.5
6852.9
8044.3
9240.5
10412
11222
12166
10135
8909.4
8780.7
7994.5
5564.5
3963.9
4096.1
5917.2
8749.4
9725.7
8843.7
9186.6
8449.5
8633
9467
9736.2
9531.3
9822.9
10189
11065
11693
11716
11060
10645
10168
9932
9920
10037
11076
11468
11779
10778
9876.9
8777
7544.8
6387.7
5151.5
3854.1
2053.9
1296.1
795.07
-0.70813
0.007198
-0.45321
-0.47186
0.74363
-0.31561
-0.14817
505.77
1512.9
2523.3
3531.7
4546.9
5560.1
6572.7
7566.6
8570.8
9531.5
10551
11204
11019
9266.1
8441.7
6510.2
5052.2
4276.2
3997.5
5699.5
8451.2
9783.4
9927.5
9401.5
9066
8839.2
9683.9
9625.2
10092
10174
11193
11941
12025
11793
11490
11064
10538
9932.5
9774
10158
11152
10855
10358
9675.4
9107.9
8082.6
6935.3
6052
5092.7
4100.7
2667.7
1819.5
1072.1
501.23
-0.3318
0.34091
-0.25118
0.64443
0.030699
212.96
1089.5
1969.3
2844.4
3722.4
4605.4
5486.6
6364
7230.4
8093.8
8960.2
9795.3
10623
11032
9546.4
7473.6
5171.2
4846.7
5019.8
4505.4
5199.6
8295
9672.7
10325
9880.1
9627
10557
9523.3
10045
10190
10884
11798
12299
12364
12089
11949
11690
11159
10653
9580.4
9821
10043
9814.2
9441.9
8850.8
8633.6
7541.1
6562.4
5730.7
4987.9
4213
3079.1
1920
1295.5
1000.6
211.09
-0.46075
0.34473
-0.22996
1.0565
700.95
1485.9
2273.2
3055.9
3843.6
4633.6
5420.1
6205.8
6982.5
7759.8
8494.9
9264.2
10032
10796
9482
6125.6
3984
4302.7
5390.3
5257.4
5324.4
8054.1
9606
10273
10631
11250
10605
11099
10358
10256
11697
12379
12481
12553
12225
12259
12207
11972
11037
9878.8
8228.7
8953.6
8910
8831.7
8327.2
8112.2
7301.8
6348.1
5526.9
4853.6
4192.1
3247
2121.2
1682.9
1074.5
694.76
-0.065881
0.17775
0.40796
325.18
1042
1763
2482.5
3200.2
3921.7
4645.6
5365.2
6082.8
6786.3
7499.9
8178.1
8922.4
9539.6
9997.2
8712.3
5939.4
3515.5
3001.3
5414.9
5395.7
5573.4
8412.5
9464.9
9965.1
11570
11797
11530
11531
11394
11433
12029
12535
12819
12806
12554
12558
12562
12135
10921
9005.9
7942.9
7369.2
8250.6
8278.6
8083.3
7713.3
7036.1
6215.7
5379.6
4760.9
4144.3
3436.1
2298.7
1848.7
1067.7
980.52
322.03
-0.17465
-0.15232
613.46
1285.7
1958.3
2628.4
3297.6
3972.7
4648.5
5316.7
5981.3
6650.8
7285.3
7953.6
8579.4
9175.4
8574.9
7967.2
6284
3310.5
3124.5
4784.6
4462.7
5970
8903.5
9382.7
10703
11732
12319
12657
12299
11907
13107
12821
12662
12856
13037
12942
12895
12253
11402
10646
8986.5
7593.8
6647.9
7224
7896.4
7808.4
7515
6824
6105.7
5305.7
4708.9
4051.6
3468.7
2418.8
2021.6
1288.2
1107.7
609.43
-0.35861
180.9
815.83
1454.9
2093.3
2729.3
3365.6
4005.5
4644.7
5282.1
5903.8
6540.2
7153.3
7759.6
8391.3
8315.5
7407.1
7474.8
6525.2
3209.5
3750.4
4237.4
4180.7
4853.5
8366.5
10153
11587
11774
12596
13476
12784
13395
13917
14068
13487
13153
12907
12776
12228
11769
11006
10255
9177.8
7146.2
6511.3
5980.1
7599.5
7551.4
7393.5
6665.9
5960.8
5327.8
4574.9
3967.8
3465.8
2560.3
2091.3
1444.1
1122.7
810
178.92
339.96
953.28
1569.3
2183.5
2796.6
3408.9
4026.1
4641
5244
5863.8
6449.6
7083.1
7634.7
8032.7
7046.1
6905.1
6871.7
6239.9
3998.3
4039.8
3794.1
4708.7
5380.5
6977
10587
11296
12418
13144
13674
13590
14714
14748
14752
14663
13661
12353
11846
11680
11214
10667
9972.6
9205.3
7440
6168.9
5370.6
7027
7418.5
7306.4
6657.6
5856.4
5238.8
4493.3
3980.5
3427
2633.3
2159
1540.7
1106.8
944.42
337.3
434.94
1035.3
1636.5
2237.7
2837
3435.6
4036.4
4639.3
5223.4
5832.6
6411.1
6999.3
7544.8
7121.2
6385.4
6547.5
6226.3
5976.4
5210.6
4284.2
3714.7
4827.7
5925.2
8024.3
9304
11017
12419
13578
13453
14776
15730
15781
15322
14753
13752
12495
11439
10889
10779
10328
9748.3
9101.9
7906.5
6121
4862.9
6696.7
7287.8
7216.7
6568.8
5844.4
5152.4
4473.2
3919.9
3336.5
2648.7
2194.6
1604
1122.6
1019.3
432.19
475.37
1069.9
1665
2259.8
2855.8
3446.7
4039.9
4628
5221.9
5803.6
6387.3
6958.3
7188.3
6209.9
6158.7
5987.7
5796.3
6017.7
6041.3
4534.1
4223.6
5070.2
6751.6
8587.6
9718.1
10411
11914
12996
13514
15666
16617
16056
15397
14575
13782
12953
11835
10837
9944.7
9995.6
9564.6
9005.2
8072.1
6221.2
4328.2
6468.6
7108
7094.4
6521.2
5815.4
5120.1
4451.9
3898.7
3232.4
2651
2216.5
1600.9
1179.6
1058.9
471.64
461.96
1058.1
1655.6
2252.4
2849.4
3443.8
4041.6
4624
5228.6
5811.9
6388.8
6907.5
6345.8
5783
5874.6
5568.3
5602.8
6436.5
6265.4
5058.9
4980.2
5606.1
7880.2
8583.6
9919
11208
11944
11798
13732
14977
15537
16096
15477
14543
13732
13109
12247
11367
10143
9240.1
9297.5
8886.4
8263.7
6263.6
4382.4
6210.5
7104.9
6878.7
6532
5799.4
5178.9
4464.7
3897.2
3138.8
2667.1
2206.2
1543.9
1276.5
1051
459.25
395.52
1002.2
1608.7
2215.7
2822.2
3426.3
4030.6
4627.6
5228.4
5823.8
6416.8
6589.4
5688.5
5615.4
5439.1
5344.2
5758.3
6622.3
6377.3
5973.7
5870.6
6757.2
8444
8989.1
10332
11390
12101
12190
12486
14011
14168
14767
15374
14758
13939
13381
12710
11722
10923
9638.8
8548.3
8613.5
8364.1
6284.5
4883.5
6000.2
7042
6761.6
6449.3
5865.1
5145.3
4482.3
3862.3
2988.4
2623.8
2179.9
1483.6
1418.9
994.48
391.81
268.99
893.69
1519.4
2144
2770.5
3393.3
4011.5
4632.4
5246.5
5852.4
6425.4
5960.2
5419.5
5354.3
5168.3
5364.7
6074.3
6837.7
6611.4
6903.4
7302
7860.5
8817.9
9839.8
10698
11710
11346
11565
13111
12376
13155
13637
13991
14304
14196
13695
13011
12213
11357
10506
9160.8
7852.4
8284.8
6270.5
5555.7
6169.4
6822.7
6697
6253.5
5893.6
5171.8
4619.2
3775.8
2913
2578
2087.3
1412.6
1441.9
888.26
267.45
72.7
724.82
1379.1
2033.2
2687.1
3338.7
3985.3
4634.3
5280.9
5922
6295.8
5376.9
5300
5133.1
5185
5433.6
6673
6982.7
7087.4
7904
8743.9
8824.6
9411.5
10738
10794
10955
10642
11373
12250
12560
12209
12134
12747
13307
13683
13723
13477
12736
12046
10939
10095
8615.5
7503.8
5908.6
6241
6622
6694.1
6717.6
6327.3
5763.7
5219.9
4724.2
3642.6
2852.7
2485.3
1929.5
1500.7
1368.8
720.83
72.69
-0.36654
482.14
1176
1870.3
2565.1
3258.3
3946.4
4631.9
5312.4
5990.5
5916.6
5063.4
5160.8
5168.6
5180.4
6002.4
7133.1
7328.7
7653.4
9097.3
10091
9870.2
10085
10375
10522
10290
10275
11214
11600
11892
12060
11891
10990
12079
13250
13140
13123
12980
12586
11838
10730
9594.8
8419.3
5281.2
6583.8
6946.1
6537.5
6572.5
6372.2
5852.3
5438.9
4758.2
3580.6
2702.8
2349.3
1740.6
1714.7
1169.2
478.31
-0.015962
-0.50424
138.87
887.49
1638.8
2390.5
3139.8
3884.5
4630.2
5350
6023.1
5430.9
4998.7
5129.2
5140.1
5573.9
6602.2
7593.1
7888.3
8503.3
10338
11204
10225
10017
10307
10074
9800.2
10246
11053
11168
11228
11610
11360
11147
10657
11621
12732
12538
12676
12425
12339
11623
10559
8886.2
6898.1
6034.9
7041.9
6635.7
6596.9
6387.3
6010.6
5540.7
4686.7
3559.3
2535.9
2171.1
1827.1
1624.8
882.91
136.68
-0.43199
-0.17348
0.42674
479.28
1308.5
2138.3
2966
3788.4
4614.8
5410.4
5976.9
5081
5120.7
5315.9
5435.9
5954.2
7429.1
8315.2
8848.6
9767.3
10679
11114
10512
9832.5
10051
9800.3
9434.6
10331
10789
10827
10854
10860
10998
10992
10909
10720
11254
12351
12323
12294
12003
11904
11518
9744.9
8564.6
7273.7
6192.5
6658.2
6408.4
6635.5
6143.3
5694
4707.7
3360.4
2199
1991.5
2031
1300.9
476.88
-0.78021
-0.12048
-0.67836
0.16952
0.23405
828.99
1768.2
2708
3639.6
4577.1
5474.8
5797.7
4895.7
5486
5548.1
5885.1
6685.9
8382.4
9363.8
9907.3
9836.7
10778
11068
10600
9975.4
9805.3
9553.6
9390.1
10260
10723
10597
10572
10358
10133
10575
10670
10366
10319
11029
12064
12089
11540
11834
11382
10854
9927.1
8737.1
7155.5
5895.7
6559.3
6908.1
6446.5
5784
4782.1
2950.9
1966.4
2343.8
1751.7
824.04
-0.30682
-1.0473
-0.035504
-0.26916
0.41365
0.36148
107.13
1205.7
2306.8
3400.3
4500
5540.9
5576.9
4967.9
5801.3
6248.2
6798
7875.4
9545.4
9704
9930.2
9591
10617
11019
10651
10010
9516.2
9509.7
9367.2
10192
10400
10381
10253
10061
9993
10222
10444
10363
10129
10224
10878
11519
11467
11404
11381
10951
10318
10163
8939.2
6362.8
6117
7277
6727.4
6072.1
4786.3
2132.6
2493.2
2285.5
1199.2
106.24
-0.26345
-0.40652
-0.44736
-0.020158
0.1086
-0.10903
0.37118
301.91
1650.9
2996.3
4335.9
5617.5
5423.5
5485.8
6521.6
7177.5
8018.2
8784
9370
9589
9921.3
9466
10642
10954
10970
9855.5
9439.7
9390.7
9606.7
10120
10419
10327
10072
9781.6
9825.6
9869.2
10066
10182
9903.8
9915.9
10220
10851
11188
11346
11448
11248
10367
9853.1
9619.8
8729
6418.7
7096.8
7266.9
6473.8
4355.9
1926.5
2913.8
1637.2
299.9
0.36666
0.45824
-0.32545
-0.063223
-0.47041
-0.084277
0.11265
0.20342
-0.53541
474.16
2244
4002.3
5671.7
5502.7
6130.9
7795.3
8944.6
8547.3
8682
9324.2
9711
9588.3
9540.5
10560
10812
11003
9562.3
9509.3
9395.5
9631.5
10093
10129
9999.2
9845.5
9723.4
9791.5
9794.8
9710.2
10052
10016
9741
9522.6
10013
10984
11102
11602
11065
10182
9493.4
10339
9566.2
8035.3
7429.4
7782.7
6846.4
3320.7
3209.4
2226.5
471.3
-0.20353
-0.81146
-0.1213
0.089211
0.26663
-0.44536
0.089693
0.19398
-0.089936
0.031332
-0.34907
606.86
3227.9
5715.5
6320.3
7959.5
9379.3
8865
8496.2
8708
9520.5
9902.9
9569.2
9786.4
10824
10803
10744
9662.6
9532.2
9139.9
9944.2
10137
10183
10057
9766.7
9818.9
9677.6
9582
9572.2
9579.6
9856.5
9597.3
9370.8
9782.1
10545
11377
10924
10936
10044
10395
10533
9459.4
8120.2
8699.8
8270.5
6458.9
4249.3
3125
603.04
0.93652
0.32507
0.2194
0.46845
0.41629
0.1858
0.27955
0.64677
0.43464
0.27676
-0.092123
-0.030199
-0.25338
608.53
5676.4
8834.9
9648.9
9458.7
8745.6
8378.9
8598
9593.4
9928.6
9463.5
9909.2
10553
10854
10627
10010
9446.9
9307.9
10111
10133
9921.6
9652.9
9601.9
9874.1
9824.6
9608.3
9557.8
9535.8
9733.7
9698.5
9179.4
9337
10446
11169
10977
9888.5
10738
10757
10578
8905.2
8260
7977.1
9251
7705.8
4999
605.36
-0.47124
0.050707
-0.12736
-0.041786
0.31494
-0.1736
-0.54388
0.42668
0.35496
0.19763
-0.2353
-0.39821
-0.17489
0.092286
-0.22602
0.3674
9937.1
9352.9
9278
8831.4
8439.7
8352
10040
9635.9
9450.9
9922.9
10547
11073
10188
9859.4
9513.7
9448.1
10195
10301
9718.6
9599.5
9836.9
9845.1
9744.8
9707
9621.4
9488.2
9378.2
9511.5
9673.2
9594.6
10064
10043
10323
10838
10732
10795
10611
8992.6
8194.4
7576.7
9091.7
9698.5
-0.065237
-0.48338
-0.028035
0.27912
0.049
0.23891
0.16271
0.53043
0.37035
